dohuutuan: [-8.15578774e-02  6.02826849e-02  4.74461056e-02 -7.17145577e-02
 -9.89752784e-02  1.68706328e-02 -5.34572378e-02 -1.08260222e-01
  1.71166837e-01 -1.37792557e-01  2.14026585e-01 -2.60791555e-02
 -1.79828107e-01 -6.10276833e-02 -5.30523853e-03  1.02063626e-01
 -1.13290660e-01 -8.00081789e-02  3.26495171e-02 -5.43124229e-02
  2.02326346e-02  1.80564187e-02 -3.37553434e-02  9.64823365e-02
 -1.16265856e-01 -3.61407369e-01 -1.51068509e-01 -1.28766581e-01
  2.27328651e-02 -8.20916817e-02 -6.29300401e-02  7.32527673e-02
 -1.41035810e-01 -1.50516480e-02 -2.16866527e-02  1.07823402e-01
 -1.05920732e-01 -6.80918396e-02  1.19209751e-01 -2.63921954e-02
 -1.31167218e-01  7.83363450e-03  2.94328071e-02  2.09291607e-01
  1.41975254e-01  5.14164232e-02  1.65098757e-02 -7.34482259e-02
  7.64071047e-02 -1.52760848e-01  3.49883288e-02  1.46029085e-01
  1.71392076e-02  1.26854151e-01 -1.63544528e-02 -1.51991397e-01
  2.90414169e-02  6.83824047e-02 -1.73293784e-01  5.07909320e-02
  1.00977719e-04 -1.12366684e-01 -2.28682812e-02  9.43484716e-03
  2.53316700e-01  1.48923099e-01 -9.67770517e-02 -1.44574359e-01
  1.45804062e-01 -2.18725130e-01 -7.34537393e-02  3.31789255e-03
 -1.47682562e-01 -1.99125484e-01 -2.04569861e-01  1.15944885e-01
  3.29908490e-01  1.57719240e-01 -1.34461984e-01  7.44737536e-02
 -6.37708977e-02 -5.00810370e-02  1.09610058e-01  1.21089078e-01
 -1.74486004e-02 -5.51308915e-02 -5.03882803e-02  1.91883035e-02
  2.26335123e-01 -4.60468084e-02  1.44604454e-02  2.26349339e-01
 -2.09356695e-02  1.10575080e-01  3.39664370e-02  9.81634296e-03
 -7.70200863e-02  5.28321154e-02 -9.98941138e-02  2.23806798e-02
  4.62509580e-02 -7.52922520e-02 -1.72588956e-02  1.03318460e-01
 -1.85432002e-01  1.87505737e-01  4.02074903e-02 -2.44459882e-02
  4.33006957e-02  1.61633380e-02 -1.56178802e-01 -7.48187602e-02
  1.85934395e-01 -2.32908681e-01  2.78685987e-01  1.72603860e-01
  1.23032875e-01  1.94396198e-01  1.24988087e-01  8.08180794e-02
  3.43895555e-02 -8.67021829e-02 -1.86257735e-01 -1.81443570e-03
  1.15241364e-01 -4.71149907e-02 -6.81697112e-03  8.62365123e-03]
dohuutuan: [-0.09677613  0.06972536  0.03702742 -0.07577972 -0.09672651  0.01699848
 -0.04811935 -0.10922796  0.16856818 -0.12656608  0.20684354 -0.02736452
 -0.18133534 -0.05766408 -0.01809163  0.1094339  -0.11617026 -0.08731084
  0.02532256 -0.05573791  0.01555562  0.00713062 -0.03732729  0.10570381
 -0.11404125 -0.35741952 -0.13774499 -0.13224241  0.01877909 -0.07328731
 -0.06130296  0.0694084  -0.14455943 -0.02194021 -0.01325464  0.11689286
 -0.10897469 -0.06181475  0.12819426 -0.0320192  -0.12467095  0.0146337
  0.03404408  0.2220142   0.13767378  0.05447695  0.0158381  -0.06866563
  0.08578143 -0.15690869  0.03642146  0.1424821   0.02244468  0.12895647
 -0.01921039 -0.15857577  0.04135717  0.0753536  -0.18189311  0.04880187
 -0.00062329 -0.11925746 -0.02432797  0.00774439  0.26212093  0.15124534
 -0.09687293 -0.14179085  0.15581456 -0.21006428 -0.06338139 -0.011137
 -0.1438309  -0.19669656 -0.2035991   0.12494659  0.3268753   0.16591066
 -0.13316992  0.07891497 -0.05812612 -0.04364691  0.10612753  0.11586045
 -0.02768877 -0.05597341 -0.04936295  0.01306208  0.22013299 -0.03778876
  0.011845    0.21936199 -0.01639464  0.10431214  0.03876432  0.00128244
 -0.08516353  0.05469068 -0.10724799  0.03042792  0.03813305 -0.07620323
 -0.01020809  0.10029611 -0.18510762  0.18114957  0.03455468 -0.02116029
  0.03129755  0.02273324 -0.1568761  -0.0764958   0.18108138 -0.23106933
  0.28867334  0.17461604  0.12967627  0.19618462  0.13260205  0.06865168
  0.04522561 -0.07192342 -0.1888745  -0.00491865  0.12667634 -0.05229246
  0.00071919  0.01812766]
dohuutuan: [-8.66612792e-02  5.23673259e-02  4.85798828e-02 -8.88276473e-02
 -9.87324193e-02  2.35369448e-02 -4.76815850e-02 -1.05150551e-01
  1.71979666e-01 -1.41643256e-01  2.18801469e-01 -3.05221044e-02
 -1.77504718e-01 -6.10015728e-02 -1.32932886e-03  1.01340517e-01
 -9.91588309e-02 -8.17005634e-02  2.76694614e-02 -5.13543412e-02
  1.46389119e-02  7.50928000e-03 -5.16747572e-02  1.09847248e-01
 -1.17328145e-01 -3.74759644e-01 -1.41846627e-01 -1.30126476e-01
  1.98892187e-02 -7.80085027e-02 -5.30741736e-02  8.92844126e-02
 -1.34618014e-01 -1.10414438e-02 -1.79533288e-02  1.16495058e-01
 -1.14736527e-01 -4.79744785e-02  1.34939179e-01 -2.99993735e-02
 -1.34662807e-01  5.87247126e-03  3.65360752e-02  2.20798805e-01
  1.37659013e-01  5.20911589e-02  2.19410378e-02 -6.68084994e-02
  9.17564109e-02 -1.59939453e-01  5.41925877e-02  1.47245184e-01
  3.34007293e-02  1.31703407e-01 -4.81299125e-04 -1.45476550e-01
  4.57630903e-02  6.73399344e-02 -2.06568882e-01  5.37862703e-02
  2.60446407e-03 -1.17192693e-01 -2.55731829e-02  1.38976751e-02
  2.54218817e-01  1.48786783e-01 -9.48382542e-02 -1.44553065e-01
  1.60645843e-01 -2.21639931e-01 -7.04283863e-02 -2.40229536e-03
 -1.46468610e-01 -2.00370789e-01 -2.17662320e-01  1.23474590e-01
  3.32017154e-01  1.79465443e-01 -1.45722374e-01  8.15622658e-02
 -5.71638048e-02 -6.98729232e-02  1.16889447e-01  1.10140979e-01
 -1.79119632e-02 -6.54343888e-02 -4.20016982e-02  1.62941925e-02
  2.16789171e-01 -3.05664167e-02  1.66689940e-02  2.21257895e-01
 -4.04703617e-03  9.49474424e-02  3.66954803e-02  8.04181583e-03
 -9.02821198e-02  4.51585762e-02 -1.17224649e-01  1.84243098e-02
  2.43114587e-02 -6.22637644e-02 -1.15172677e-02  1.01223506e-01
 -2.03432977e-01  2.21930444e-01  4.09211256e-02 -3.43049467e-02
  2.78839059e-02  2.42509674e-02 -1.61199912e-01 -7.59214982e-02
  1.81523383e-01 -2.34840617e-01  2.65716225e-01  1.59967825e-01
  1.42539412e-01  1.97842389e-01  1.25051141e-01  6.44961894e-02
  4.43686992e-02 -8.90006796e-02 -1.90667465e-01 -7.99914822e-03
  1.22337431e-01 -5.39217815e-02  5.54239377e-05  2.02956144e-02]
dohuutuan: [-0.09370156  0.07037707  0.03202234 -0.08207498 -0.09108362  0.02273976
 -0.03552739 -0.10656518  0.178691   -0.13455218  0.21257086 -0.03520579
 -0.18821435 -0.05878304 -0.0209114   0.11070744 -0.10737124 -0.09326798
  0.00748856 -0.05003422  0.00884477  0.00265179 -0.04469507  0.11367314
 -0.11347961 -0.35232976 -0.13788062 -0.13645425  0.02976124 -0.08077685
 -0.06312151  0.07570339 -0.1482062  -0.02833426 -0.01222689  0.12322186
 -0.10757983 -0.05698523  0.12768126 -0.03497641 -0.12534304  0.00993197
  0.03264759  0.22063579  0.13628902  0.05635562  0.01811322 -0.06716862
  0.08168343 -0.16815475  0.03498718  0.14222994  0.02484355  0.131706
 -0.00948238 -0.15907058  0.04379183  0.07580164 -0.18878895  0.05343154
 -0.00057559 -0.1098891  -0.03100564  0.01626548  0.26028004  0.14568172
 -0.10115525 -0.13741753  0.17192997 -0.22216454 -0.05379899 -0.00456245
 -0.13454977 -0.19527815 -0.20238166  0.12467356  0.34410971  0.17886819
 -0.12906365  0.08864603 -0.06335375 -0.04895987  0.09551267  0.10283858
 -0.04085611 -0.04657025 -0.04889117  0.01652166  0.21855915 -0.02532973
  0.02070041  0.22275217 -0.01657789  0.09282551  0.04537515  0.00064655
 -0.08164017  0.03539442 -0.10980188  0.02463077  0.03959025 -0.08462521
 -0.01328669  0.09861522 -0.18787231  0.18502808  0.02875546 -0.02448334
  0.02912831  0.03423924 -0.15909564 -0.07406697  0.18876019 -0.2345434
  0.27526191  0.17077099  0.12616615  0.18607296  0.13801995  0.07156014
  0.05045125 -0.07568382 -0.18494353 -0.02140329  0.12538493 -0.05819381
  0.00471411  0.01610276]
dohuutuan: [-0.09044623  0.06612591  0.03942237 -0.07788969 -0.10608023  0.01823059
 -0.04123315 -0.10457422  0.17389283 -0.12829256  0.21815793 -0.02281643
 -0.17977515 -0.05731729 -0.01106239  0.10269853 -0.10527076 -0.08746335
  0.02111925 -0.05988347  0.00900512 -0.00102075 -0.04405294  0.107646
 -0.12029749 -0.35910684 -0.13699149 -0.12977324  0.02821273 -0.08073231
 -0.05151924  0.08519211 -0.14065984 -0.02404722 -0.01246427  0.11494993
 -0.11698695 -0.06001764  0.13098621 -0.03790439 -0.12439182  0.01380039
  0.03596137  0.22255781  0.13382733  0.05763632  0.02416411 -0.06405942
  0.08763437 -0.1633032   0.04128001  0.15011571  0.02103613  0.13204817
 -0.01543339 -0.15580124  0.04753225  0.06666151 -0.19805598  0.05465071
  0.0004856  -0.11208598 -0.03111955  0.01552403  0.25918192  0.156636
 -0.09765074 -0.14692783  0.15591051 -0.22294898 -0.06471079 -0.0027489
 -0.14585701 -0.19763674 -0.20305024  0.12514071  0.33314842  0.16902047
 -0.12763061  0.08197058 -0.05926095 -0.05471412  0.0990845   0.1085709
 -0.0318161  -0.06476229 -0.04801144  0.01672934  0.22216634 -0.03187428
  0.00997376  0.22499198 -0.00788881  0.0942917   0.03704943  0.01156278
 -0.08809724  0.04825563 -0.10203628  0.02417586  0.0456784  -0.07479689
 -0.01112326  0.09931445 -0.19370885  0.20048378  0.02907562 -0.01515375
  0.0341583   0.02455807 -0.16140252 -0.07692334  0.18277641 -0.23475692
  0.28688824  0.17085619  0.13336329  0.18854269  0.13319898  0.06132707
  0.05214236 -0.07733029 -0.1809382  -0.01341962  0.11637255 -0.06106305
 -0.00393877  0.01798521]
dohuutuan: [-0.11117911  0.07275908  0.03161961 -0.07712512 -0.08025464  0.00707059
 -0.03304095 -0.10419567  0.18171775 -0.12912601  0.2294392  -0.04478109
 -0.18264726 -0.07872682 -0.02805176  0.10869627 -0.09988217 -0.09249322
  0.01419873 -0.04340922  0.02832265 -0.00509634 -0.04600238  0.11260131
 -0.10693465 -0.36042842 -0.14298214 -0.13831367  0.03602498 -0.08473997
 -0.04163611  0.08322296 -0.14963321 -0.02054847 -0.01677007  0.10922486
 -0.07980949 -0.03861823  0.13238522 -0.04188052 -0.14032565 -0.01417853
  0.03716955  0.2225444   0.14595333  0.05392032  0.01113755 -0.06261353
  0.07397312 -0.15577467  0.04363997  0.14252268  0.02808517  0.12893938
 -0.0090244  -0.16970763  0.03653437  0.06205918 -0.17161149  0.04432987
 -0.00600849 -0.11061426 -0.03797324  0.0287672   0.26004827  0.13391833
 -0.10151762 -0.15486798  0.18062913 -0.21968514 -0.04235683  0.0139626
 -0.14923693 -0.1831347  -0.2179445   0.12342755  0.35295674  0.16052249
 -0.13461187  0.09237573 -0.08096918 -0.0437712   0.0937048   0.10137534
 -0.03350006 -0.05127926 -0.05905887  0.00714329  0.21216942 -0.02691563
  0.00791532  0.21531643 -0.02826921  0.09459693  0.03448267 -0.00133784
 -0.07407036  0.03702499 -0.10182932  0.01429558  0.04202819 -0.07122348
 -0.02059797  0.10992832 -0.19561779  0.17971806  0.04170924 -0.00810819
  0.02852602  0.04457432 -0.15597449 -0.07532912  0.18037191 -0.22616422
  0.28480405  0.16044834  0.13579448  0.18354267  0.14345235  0.07426724
  0.05499954 -0.0785642  -0.17735499 -0.00757656  0.11454137 -0.0581403
 -0.00257021  0.01393757]
dohuutuan: [-0.097323    0.06479504  0.03569313 -0.08424468 -0.09751857  0.02177317
 -0.03648324 -0.10922391  0.17745727 -0.13895291  0.22611688 -0.03968631
 -0.18542041 -0.06635801 -0.02241676  0.10999894 -0.10109644 -0.09541158
  0.01133353 -0.0443805   0.01118217 -0.00232183 -0.05112897  0.10456678
 -0.12003309 -0.35736144 -0.13749692 -0.13470869  0.02272104 -0.07215153
 -0.0550811   0.08886099 -0.14184932 -0.03055519 -0.01228752  0.12503415
 -0.10060687 -0.03925259  0.13259743 -0.04128238 -0.14132351  0.00946362
  0.03989942  0.22132792  0.13917004  0.05467876  0.01588158 -0.07302951
  0.07262317 -0.16581063  0.05025969  0.14667083  0.02374702  0.1319385
 -0.00120604 -0.15280542  0.04569166  0.07733194 -0.17675593  0.05042164
  0.0139221  -0.10955605 -0.02444605  0.01371307  0.26038069  0.14214605
 -0.09559182 -0.13725099  0.17624585 -0.21267371 -0.06823048 -0.00197845
 -0.14514367 -0.18989268 -0.22152282  0.12383959  0.35053104  0.18245305
 -0.13562411  0.0861382  -0.06045457 -0.04784714  0.11239424  0.10067277
 -0.03269907 -0.05921582 -0.04630718  0.01603507  0.21840611 -0.01833952
  0.01477682  0.21618545 -0.01499567  0.09410232  0.04537967  0.00285658
 -0.07439816  0.03636217 -0.1188242   0.02193639  0.04358611 -0.07363193
 -0.00987841  0.11398565 -0.19141886  0.18860586  0.03047493 -0.01628057
  0.03435053  0.03956416 -0.14695166 -0.06608723  0.1888396  -0.22244705
  0.27936247  0.16127586  0.13152944  0.17803353  0.14802656  0.06664447
  0.0454122  -0.08102684 -0.19670874 -0.01466106  0.12093525 -0.06321518
  0.0149313   0.02585239]
dohuutuan: [-0.09917151  0.07199292  0.0412671  -0.08595075 -0.08457624  0.01593079
 -0.036014   -0.10272209  0.18464941 -0.14074957  0.22346053 -0.04303357
 -0.18466602 -0.06436677 -0.02305751  0.10765071 -0.09549743 -0.09503853
  0.0101248  -0.04425795  0.02177109  0.00181875 -0.05263858  0.1036887
 -0.11492005 -0.35414937 -0.14039831 -0.12866063  0.03230213 -0.07995528
 -0.0523462   0.08671088 -0.14715841 -0.02357712 -0.01923676  0.12133526
 -0.09801528 -0.04264401  0.13469012 -0.04270217 -0.13941017 -0.00458167
  0.03149115  0.21967232  0.14424908  0.0525848   0.01467166 -0.06974799
  0.06504392 -0.16683769  0.04836413  0.1494838   0.02448288  0.13887782
 -0.00510861 -0.16095071  0.04182891  0.07192944 -0.17113917  0.04048724
  0.00724692 -0.11016745 -0.03165806  0.01854653  0.26381132  0.13778412
 -0.10129751 -0.13840765  0.17717914 -0.21422762 -0.05570257  0.00313064
 -0.1436982  -0.18570594 -0.21365714  0.12548937  0.34714466  0.17585252
 -0.13814762  0.09380488 -0.06841153 -0.04456657  0.10820235  0.10056236
 -0.0351919  -0.05179987 -0.04581979  0.01903052  0.2132839  -0.0235322
  0.01369645  0.21053976 -0.01747093  0.09532009  0.03950851 -0.00146466
 -0.06650189  0.03645736 -0.11046958  0.02582563  0.04542858 -0.06723201
 -0.01956201  0.11492218 -0.19000782  0.19558568  0.03955901 -0.01631292
  0.03295724  0.03598936 -0.1473819  -0.06836664  0.18603666 -0.22610393
  0.27615273  0.15887955  0.12301617  0.18450686  0.14480387  0.07718601
  0.05202286 -0.08027025 -0.19466417 -0.01125288  0.12370024 -0.05775944
  0.00964753  0.02108871]
dohuutuan: [-0.09884956  0.07348353  0.03865819 -0.09301878 -0.08120352  0.0268845
 -0.04046065 -0.09494566  0.18892638 -0.14500515  0.22329909 -0.04722869
 -0.19418269 -0.05856887 -0.03398099  0.10767099 -0.08944343 -0.09796583
  0.00880043 -0.03908172  0.02447021  0.00183058 -0.05690742  0.11026262
 -0.11637323 -0.35690963 -0.13468139 -0.12147888  0.03033406 -0.07948701
 -0.05669665  0.09054606 -0.15742846 -0.01654957 -0.01543324  0.1295619
 -0.09138656 -0.03435115  0.1329121  -0.03481539 -0.13556059 -0.00945346
  0.02797391  0.21931197  0.13847502  0.05282735  0.01531012 -0.06736822
  0.0644664  -0.17206514  0.04916923  0.15892208  0.03486342  0.13775866
 -0.00608297 -0.16247605  0.04458654  0.07173875 -0.17336877  0.0484032
  0.00791193 -0.10957839 -0.03604062  0.01819474  0.25454128  0.13346212
 -0.10258918 -0.15080425  0.18220577 -0.2190173  -0.04473447  0.01104798
 -0.13722129 -0.18848321 -0.20580956  0.12260961  0.34239444  0.18658148
 -0.14204094  0.0964392  -0.07181023 -0.05116378  0.09851236  0.09092829
 -0.03425539 -0.04557839 -0.05099982  0.02093039  0.21649329 -0.01883508
  0.02017284  0.21555711 -0.01751621  0.09009419  0.0375298  -0.00220406
 -0.0736022   0.03361929 -0.10930007  0.02539359  0.03201356 -0.07091293
 -0.02399593  0.1077031  -0.19302374  0.20035987  0.02951108 -0.01998527
  0.02611822  0.0393226  -0.15429153 -0.07002674  0.18980588 -0.22821641
  0.26847929  0.15597221  0.12964429  0.18120511  0.14771998  0.07969763
  0.06067994 -0.08300205 -0.19163765 -0.02445126  0.1156609  -0.06830449
  0.00617268  0.01675642]
dohuutuan: [-0.10320514  0.06699364  0.03751529 -0.09232686 -0.0920378   0.01540199
 -0.04139022 -0.11218762  0.17621195 -0.1377925   0.22493613 -0.04679573
 -0.18506815 -0.04797027 -0.03556321  0.11252224 -0.105241   -0.08913019
  0.00993196 -0.05267696  0.00589867  0.00662592 -0.05495113  0.09950914
 -0.10831454 -0.34039026 -0.13376926 -0.12829065  0.02689568 -0.05813528
 -0.05481272  0.08955135 -0.14919321 -0.02827228 -0.00782563  0.12522413
 -0.09898701 -0.04360461  0.13240884 -0.03958919 -0.13132265  0.00371796
  0.03714455  0.22107159  0.13357686  0.05735113  0.01527904 -0.07637063
  0.05922491 -0.16298385  0.04426465  0.14771183  0.02065299  0.12834981
 -0.01067071 -0.15885606  0.04686715  0.0710522  -0.17099112  0.04025543
  0.02009863 -0.10601954 -0.02770605  0.00673937  0.27446398  0.14434944
 -0.09914076 -0.14436622  0.17295435 -0.21132691 -0.06835168  0.00142798
 -0.14260848 -0.18334611 -0.21463165  0.12469266  0.34402829  0.17541051
 -0.13011512  0.09245067 -0.05843452 -0.05116105  0.1160117   0.10534646
 -0.03157242 -0.05094606 -0.03864377  0.01029779  0.22377501 -0.02559622
  0.00579591  0.20548192 -0.01951547  0.08285374  0.03773754 -0.00410616
 -0.06782815  0.03556606 -0.11232753  0.02368226  0.04493842 -0.06302398
 -0.01729483  0.11752111 -0.18749151  0.18204686  0.02234203 -0.02502025
  0.02849302  0.02706775 -0.14119796 -0.06673045  0.19173715 -0.22230057
  0.27757838  0.15850094  0.12894297  0.17810762  0.14629552  0.06824182
  0.05204728 -0.06569082 -0.19676064 -0.02233951  0.12420696 -0.06423106
  0.0218381   0.02244478]
dohuutuan: [-0.12731674  0.07094902  0.03595867 -0.07103048 -0.12768607  0.03445757
 -0.03622137 -0.09924902  0.19258587 -0.14242052  0.2503581  -0.01899183
 -0.21495423 -0.05926825 -0.02796323  0.14438076 -0.17330098 -0.1045271
  0.00170366 -0.04866018  0.06854726 -0.05011689 -0.00931256  0.08714397
 -0.14349493 -0.37671912 -0.15445274 -0.13817091  0.01153246 -0.07693974
 -0.06961427  0.05369323 -0.13807192 -0.00290124 -0.03373612  0.12283414
 -0.04526921 -0.07339012  0.10285648 -0.0308535  -0.15181136 -0.0020294
  0.0645031   0.1994357   0.1828986   0.06262539  0.025626   -0.06694773
  0.04080182 -0.15980385  0.00993485  0.13923369  0.0346214   0.11471967
  0.01709989 -0.16105968  0.03482427  0.11365801 -0.186946   -0.01198565
 -0.01018152 -0.07839116 -0.02770155 -0.02635202  0.26130033  0.17174071
 -0.09969433 -0.15372103  0.17073706 -0.22820936 -0.06902208  0.01742929
 -0.16541673 -0.20739771 -0.21571673  0.04984059  0.3779102   0.20823735
 -0.13787317  0.05421146 -0.09135775 -0.06069826  0.08617996  0.1018896
 -0.01495271 -0.01827567 -0.09875749 -0.00514273  0.1986472  -0.03049593
  0.05556773  0.23984441  0.01554773  0.04166874  0.0278565  -0.00671586
 -0.09294509  0.03413958 -0.12789558 -0.05141231 -0.04485998 -0.07575402
 -0.03243944  0.06438342 -0.21180104  0.12547386  0.0249432  -0.03798755
 -0.03007679 -0.00348581 -0.10338746 -0.05436008  0.17967907 -0.27244735
  0.17595242  0.23225476  0.10058289  0.1986694   0.10128058  0.09515154
 -0.00225947 -0.09633254 -0.19099045  0.01188265  0.06673557 -0.07983161
  0.00648987  0.0110844 ]
dohuutuan: [-0.10572512  0.06488234  0.02409468 -0.07507399 -0.14492446  0.04026481
 -0.05084351 -0.08584247  0.20382142 -0.14260945  0.25272635 -0.01989532
 -0.21580863 -0.05603503 -0.02912322  0.1346965  -0.17005078 -0.09456045
  0.00484845 -0.04190451  0.07097701 -0.05165777 -0.007725    0.08873391
 -0.14350025 -0.36230719 -0.15301479 -0.13706979  0.01624016 -0.09169796
 -0.06749219  0.0530742  -0.12194517 -0.00624034 -0.02847061  0.13029358
 -0.05946402 -0.08090058  0.11310074 -0.03983202 -0.15295449 -0.00662114
  0.05436461  0.19139799  0.16432591  0.07187267  0.02882064 -0.06016643
  0.0573846  -0.16465597  0.01773483  0.15199056  0.03183755  0.11109817
  0.0327407  -0.15719368  0.03885673  0.13536122 -0.18362902 -0.0068986
 -0.00278763 -0.07797902 -0.02379178 -0.03833428  0.25918046  0.17445968
 -0.09436764 -0.16119328  0.1739879  -0.22477208 -0.08588137  0.02922647
 -0.1608827  -0.2089169  -0.20458831  0.0428881   0.36553219  0.21285662
 -0.1268297   0.0565307  -0.07325125 -0.06485197  0.07777451  0.09774835
 -0.01026133 -0.0151925  -0.10164518 -0.01285048  0.1999148  -0.03863216
  0.0653945   0.23757309  0.01981297  0.04639367  0.02450246 -0.0189727
 -0.08886706  0.03984869 -0.1196838  -0.03762406 -0.0274619  -0.08008309
 -0.03296186  0.05275981 -0.20545438  0.12481769  0.01480737 -0.03599111
 -0.03343184 -0.00952385 -0.10892217 -0.04289095  0.19345084 -0.28433934
  0.18539199  0.21888873  0.11144394  0.19248544  0.10155939  0.09585229
  0.00637183 -0.10708407 -0.19705015 -0.00426571  0.0578918  -0.08383072
 -0.00153412  0.01332365]
dohuutuan: [-0.08515903  0.08128417  0.04203837 -0.0894884  -0.04587063  0.02822774
 -0.05449948 -0.1800995   0.1948797  -0.13955443  0.2102489  -0.01517551
 -0.22418946 -0.07524272 -0.01766716  0.10544655 -0.12605396 -0.10429301
  0.0360467  -0.05692906  0.01007066  0.01908889 -0.02215569  0.1120864
 -0.09090675 -0.34993654 -0.14922364 -0.17515647  0.02203277 -0.06704052
 -0.06969391  0.05878778 -0.14257291 -0.01740998 -0.02407762  0.10208593
 -0.07571727 -0.05091221  0.12632638 -0.02844971 -0.16105546 -0.00306446
  0.01362578  0.19831277  0.13294308  0.016342    0.02994535 -0.09396576
  0.05424648 -0.1252476   0.01196313  0.14362538  0.03004789  0.07058688
 -0.01846433 -0.19758679 -0.00980266  0.0360796  -0.18788458  0.04899015
  0.01662604 -0.12551783 -0.045338    0.03066081  0.22009432  0.14006391
 -0.10525443 -0.15529269  0.16263816 -0.22167714 -0.03420028  0.0376357
 -0.15187661 -0.20679609 -0.19149783  0.08211277  0.38229358  0.14150736
 -0.13243784  0.09331386 -0.11086259 -0.05694239  0.10107888  0.11975638
 -0.00780808  0.00477767 -0.05607501  0.02060304  0.19232479 -0.03654429
  0.00838534  0.20656483 -0.05131975  0.10865212  0.04309957  0.02652085
 -0.08989386  0.0255895  -0.12705226 -0.02142762  0.00053564 -0.05876881
 -0.00516633  0.08576193 -0.17825976  0.1679794   0.06225932 -0.04946242
  0.02058596  0.02613909 -0.12752447 -0.07721012  0.21407539 -0.2311908
  0.24017254  0.17093365  0.11262589  0.19430795  0.11744775  0.0694773
  0.01814702 -0.1026131  -0.19919349 -0.00960711  0.10538106 -0.04321282
  0.03326818 -0.01910905]
dohuutuan: [-0.1145857   0.07269627  0.03569506 -0.104123   -0.06379291 -0.00387142
 -0.05295428 -0.20042525  0.19123779 -0.14400718  0.21513987 -0.0353022
 -0.23123671 -0.08911632 -0.03791674  0.13753594 -0.13286878 -0.10576117
  0.03264842 -0.06757445  0.01441469  0.01705521 -0.02104649  0.12444623
 -0.08299053 -0.3355791  -0.1554395  -0.1790698   0.00647869 -0.06834884
 -0.04905225  0.0741034  -0.15385567 -0.00434523 -0.03627893  0.09459768
 -0.02908636 -0.03706045  0.10994224 -0.03815561 -0.19197939 -0.02426583
  0.04525878  0.1812567   0.15931976 -0.008639    0.01253627 -0.12071329
  0.07235458 -0.10685857 -0.00491023  0.11648719  0.03274501  0.06458884
 -0.04256348 -0.19363602 -0.01973037  0.04017191 -0.16468278  0.03097393
  0.02698164 -0.14821038 -0.07699366  0.01242386  0.23240127  0.12123263
 -0.12386859 -0.16912107  0.17873564 -0.22213995 -0.04300611  0.05348917
 -0.15524356 -0.18373141 -0.22838438  0.07557449  0.38205498  0.11453459
 -0.15243517  0.09733593 -0.13929135 -0.04063038  0.07787836  0.13615011
  0.01046222  0.00723865 -0.07121777  0.00041371  0.20394954 -0.06139937
  0.03119393  0.22183213 -0.05391274  0.12684046  0.02471972  0.04489132
 -0.10560769  0.01269586 -0.13006234 -0.04216031  0.00088412 -0.04900483
 -0.01162962  0.08274242 -0.17782553  0.1768515   0.07568052 -0.03369215
  0.02036508  0.01948323 -0.09726648 -0.08672442  0.2125289  -0.20228933
  0.2417722   0.15398695  0.12666975  0.19482045  0.12846832  0.09513668
 -0.01039986 -0.10801221 -0.18755446  0.01082326  0.12339811 -0.06413242
  0.03091234 -0.01591183]
dohuutuan: [-0.09592915  0.07865727  0.03208225 -0.10482544 -0.06537949  0.0029389
 -0.06074625 -0.16519584  0.18612799 -0.15043814  0.21636112 -0.00595207
 -0.20299444 -0.10245749 -0.03849788  0.13166353 -0.13914528 -0.08997692
  0.0276326  -0.0522832   0.03381991  0.01054471 -0.02847231  0.09506924
 -0.10033157 -0.31359151 -0.15385155 -0.14456969  0.00703565 -0.07846694
 -0.06670807  0.05218969 -0.14651002 -0.01735382 -0.02416355  0.10856277
 -0.03938611 -0.02990861  0.10730398 -0.0302187  -0.17270352  0.00733803
  0.03972933  0.19282417  0.15622704  0.02129303  0.01365082 -0.13200301
  0.09579851 -0.11264245  0.0225578   0.11719771  0.02404849  0.08186478
 -0.03493571 -0.17725027 -0.0063351   0.05664539 -0.15914145  0.03835568
  0.03090473 -0.13022126 -0.06957088  0.00940242  0.22123334  0.12922218
 -0.12449427 -0.19300573  0.16093832 -0.21762285 -0.05793542  0.04275932
 -0.14085121 -0.17977524 -0.22441617  0.08455049  0.37106085  0.12775123
 -0.15279773  0.08301201 -0.11789981 -0.054448    0.10912123  0.1386818
  0.01235762  0.00454336 -0.06538835  0.00913151  0.21999989 -0.06250088
  0.02512566  0.22110629 -0.03157648  0.13452473  0.01702798  0.03644427
 -0.10284066  0.0496218  -0.1248157  -0.01921286  0.0260534  -0.05702285
 -0.0084188   0.09176538 -0.16034153  0.18189174  0.06349631 -0.01444196
  0.02912695  0.01541989 -0.12569483 -0.08773699  0.19659188 -0.20815201
  0.2614193   0.16286641  0.129187    0.17250183  0.15072332  0.09799513
  0.0210504  -0.09435904 -0.19138707  0.01203877  0.10936104 -0.06411793
  0.03908794 -0.01492344]
dohuutuan: [-0.08271146  0.04849466  0.06789175 -0.08212363 -0.05495469 -0.0243646
 -0.07254601 -0.13488553  0.17114331 -0.13004729  0.24574527 -0.01597055
 -0.17351809 -0.10196675 -0.07554219  0.15472868 -0.18297242 -0.07548339
  0.01362519 -0.03003542  0.05770658  0.02382014 -0.02369161  0.09324484
 -0.11835544 -0.32411802 -0.12007885 -0.13873428 -0.01913705 -0.08584069
 -0.04880094  0.0864021  -0.16720818 -0.00985349 -0.0332838   0.13417274
  0.02215525 -0.01431412  0.14428452  0.00484553 -0.20378204  0.03453401
  0.05471743  0.22330493  0.21086365  0.01503696 -0.01755704 -0.11217414
  0.08064368 -0.1413258   0.01226602  0.1266633   0.03487475  0.07526644
 -0.02669856 -0.16272433  0.02655529  0.04829969 -0.15369019 -0.00811588
  0.05519408 -0.16873193 -0.0228667   0.01432922  0.23289634  0.08831072
 -0.11186275 -0.15654381  0.11211936 -0.20186667 -0.06804644  0.04429441
 -0.13780648 -0.14514802 -0.29963249  0.06391717  0.38123509  0.12804744
 -0.21631379  0.09800376 -0.11806496 -0.03874749  0.16429153  0.14274839
  0.03913138  0.01246143 -0.10860323  0.00135277  0.1865349  -0.03274222
  0.03453998  0.20652503 -0.03126456  0.08958358  0.03835885  0.02647724
 -0.11233369  0.04536313 -0.13031727 -0.02370499  0.01939529 -0.01749148
 -0.00194574  0.08844513 -0.18095231  0.15085936  0.03744218 -0.04117864
  0.0407843  -0.00846903 -0.09515563 -0.0704833   0.1915317  -0.21758129
  0.22665511  0.14219393  0.07017566  0.18443514  0.14987804  0.13663161
 -0.06642734 -0.06650957 -0.18293548  0.02128177  0.0896519  -0.05348198
  0.11558264 -0.01964151]
dohuutuan: [-1.01453803e-01  5.25860563e-02  5.07240966e-02 -1.03587583e-01
 -5.86847104e-02 -1.48134949e-02 -6.44550994e-02 -1.57146797e-01
  1.75414100e-01 -1.39253438e-01  2.63829768e-01 -3.78357172e-02
 -1.86976925e-01 -1.24738403e-01 -6.48098215e-02  1.72408685e-01
 -1.93931147e-01 -9.76350531e-02  1.97412148e-02 -2.88374480e-02
  6.45166263e-02 -2.01594410e-03 -2.30529327e-02  1.02551058e-01
 -1.32568225e-01 -3.32655102e-01 -1.16884291e-01 -1.29211292e-01
 -2.72829775e-02 -9.41408947e-02 -4.66372631e-02  9.29066092e-02
 -1.87943265e-01 -6.94735721e-03 -3.51957344e-02  1.54956058e-01
  3.74732241e-02 -8.72901827e-03  1.21287785e-01 -1.58804711e-02
 -2.04111889e-01  3.11783589e-02  7.06817880e-02  1.95015430e-01
  2.06683904e-01  8.33835546e-03 -7.73777999e-03 -1.31466165e-01
  6.33340031e-02 -1.37761042e-01  1.01177916e-02  1.13725461e-01
  3.80089879e-02  7.11740181e-02 -2.80584581e-02 -1.85253561e-01
  1.45589523e-02  4.87027764e-02 -1.41828060e-01 -2.61479225e-02
  5.57429492e-02 -1.39833987e-01 -4.36814316e-02 -3.25236563e-03
  2.42222726e-01  8.60796124e-02 -1.26058355e-01 -1.65586025e-01
  1.17401779e-01 -1.86393008e-01 -6.75852224e-02  4.59257104e-02
 -1.31240472e-01 -1.54162839e-01 -3.03353280e-01  6.16374351e-02
  3.77436101e-01  1.24220669e-01 -2.35636353e-01  1.13878578e-01
 -1.29431307e-01 -2.62049064e-02  1.39163822e-01  1.31669670e-01
  4.05835025e-02  3.81187163e-02 -1.12170964e-01 -1.85812544e-03
  1.70106560e-01 -2.50150487e-02  4.70456146e-02  2.12514490e-01
 -3.17914635e-02  9.60146487e-02  4.85339314e-02  3.58525403e-02
 -1.11774974e-01  4.48726006e-02 -1.34936318e-01 -3.91960777e-02
  8.04801006e-03 -2.33525392e-02 -1.27274245e-02  8.07387009e-02
 -1.92427605e-01  1.71801791e-01  3.73990722e-02 -3.38048935e-02
  2.74846777e-02  1.43089215e-04 -7.48663694e-02 -5.92760555e-02
  1.80809155e-01 -2.55518913e-01  2.10778758e-01  1.51813045e-01
  6.66752160e-02  2.03999743e-01  1.56564221e-01  1.52057573e-01
 -6.25450760e-02 -5.83935156e-02 -1.86369166e-01  2.37550419e-02
  8.91034380e-02 -7.25271851e-02  1.10711977e-01 -7.06300652e-03]
dohuutuan: [-7.01726750e-02  6.23616204e-02  6.29161820e-02 -8.88514593e-02
 -1.11606367e-01  1.94294043e-02 -6.21997789e-02 -1.06137484e-01
  1.98900610e-01 -1.05272725e-01  2.74624646e-01  2.21406575e-03
 -2.11059287e-01 -1.03390232e-01 -4.65628915e-02  1.47175223e-01
 -1.83511600e-01 -9.66639519e-02  3.18929069e-02  1.54613797e-03
  7.74458200e-02 -3.57217854e-04 -2.63122935e-03  1.07431866e-01
 -1.55590013e-01 -3.58407110e-01 -1.20042697e-01 -1.39903963e-01
  1.09761860e-03 -1.23068102e-01 -4.40534465e-02  8.39806423e-02
 -1.66052729e-01 -2.40035355e-02 -2.89796460e-02  1.51464492e-01
 -1.72827281e-02 -6.93162456e-02  1.37627393e-01  2.57990174e-02
 -2.30271071e-01  1.99710019e-02  4.88055535e-02  2.02444375e-01
  2.06688643e-01  2.99716592e-02  2.95804702e-02 -1.25000045e-01
  7.73290992e-02 -1.52974501e-01  4.38260883e-02  1.61028519e-01
  2.85994690e-02  7.84778446e-02  1.35226427e-02 -1.83217153e-01
  2.89042685e-02  7.01086447e-02 -1.88798174e-01 -2.82345563e-02
  5.29478490e-02 -8.78789648e-02 -1.35781365e-02 -2.56361943e-02
  2.10208997e-01  1.13065206e-01 -9.24028456e-02 -1.51594579e-01
  1.53145760e-01 -1.81965992e-01 -1.00217231e-01  7.14922249e-02
 -1.60400286e-01 -1.79175541e-01 -2.60417998e-01  6.07435964e-02
  4.07014400e-01  1.60889149e-01 -1.87668145e-01  9.30670053e-02
 -9.70928222e-02 -5.19559346e-02  1.01942264e-01  1.31079987e-01
  2.52572577e-02  2.60207467e-02 -9.81093347e-02  1.61541831e-02
  1.61649555e-01 -9.66445357e-03  4.87415865e-02  2.05945656e-01
 -1.37643982e-02  5.94774410e-02  8.04637223e-02  4.05311808e-02
 -1.19675145e-01  6.53219819e-02 -1.47292495e-01 -7.08289891e-02
  2.24141907e-02 -4.64637429e-02 -1.52603211e-03  7.01816231e-02
 -2.03610033e-01  1.67881623e-01  3.87097597e-02 -6.22920804e-02
  2.03839093e-02 -2.19373312e-02 -8.96975845e-02 -2.06879564e-02
  1.98951468e-01 -2.61336416e-01  2.39027098e-01  1.39098406e-01
  6.88500702e-02  1.92870170e-01  1.44066572e-01  1.49419233e-01
 -6.04167655e-02 -1.10327341e-01 -1.76672876e-01 -6.75265584e-03
  7.18552694e-02 -6.39455765e-02  1.12329178e-01 -2.00947225e-02]
dohuutuan: [-0.09016975  0.04979089  0.04082983 -0.08080293 -0.06188869 -0.03635185
 -0.05639791 -0.1514837   0.1788584  -0.14957722  0.24218851 -0.04071631
 -0.17514145 -0.10649943 -0.08847374  0.16085097 -0.17114416 -0.09132925
  0.01100328 -0.03294419  0.07545935  0.00203147 -0.01597687  0.08984043
 -0.09516461 -0.31339103 -0.12125219 -0.10255784 -0.01567835 -0.07818355
 -0.04580034  0.07595551 -0.19428359 -0.02656902 -0.03089181  0.14604545
  0.00624254 -0.03393545  0.12926498 -0.00789256 -0.19130464  0.04658895
  0.05439548  0.20198709  0.17848447  0.01328243 -0.02328618 -0.14364755
  0.07873078 -0.11841322 -0.00139402  0.13370378  0.01262326  0.07830675
 -0.03554877 -0.14883119  0.03902203  0.07164386 -0.1316098  -0.01671151
  0.04972781 -0.14492127 -0.03327289  0.00577996  0.22316805  0.09748563
 -0.09207236 -0.18638408  0.1223336  -0.19301404 -0.0846027   0.03621884
 -0.13187103 -0.1476267  -0.28101373  0.06691349  0.37295476  0.11314502
 -0.19358863  0.11843291 -0.10316294 -0.02550657  0.16384287  0.14843057
  0.03611743  0.02381432 -0.11232048 -0.00457827  0.19265385 -0.03657795
  0.01405976  0.20559001 -0.02643476  0.09549329  0.05094581  0.00969199
 -0.10380003  0.06066798 -0.14631002 -0.04026061  0.03876933 -0.02399295
 -0.01932057  0.08474948 -0.16541186  0.12893935  0.03175886 -0.02670848
  0.04045966 -0.00277079 -0.09389199 -0.06795083  0.15664114 -0.2182925
  0.25129822  0.14633018  0.08874308  0.1773109   0.16977116  0.13276969
 -0.02944244 -0.05253199 -0.1765265   0.01559885  0.09044689 -0.03004614
  0.09903858 -0.01786897]
dohuutuan: [-0.08806379  0.06255235  0.06972817 -0.08001111 -0.06576663 -0.02148513
 -0.06626973 -0.15356635  0.16330563 -0.14140445  0.23457983 -0.06656112
 -0.18657741 -0.02922648 -0.09207991  0.13506347 -0.1660689  -0.10414146
  0.00904684 -0.07102918  0.01036273 -0.02404929 -0.02312478  0.08523483
 -0.07303146 -0.31849658 -0.12317049 -0.13916133  0.02294313 -0.05978238
 -0.05393502  0.07669225 -0.15327902  0.00159587 -0.04103871  0.10155748
 -0.02693393 -0.04353825  0.09289565 -0.04245205 -0.18890986 -0.00939443
  0.07350054  0.20586465  0.21226642  0.01819231 -0.00823585 -0.10144046
  0.02120094 -0.13008411 -0.0132573   0.12897357  0.03787773  0.08316849
 -0.04373821 -0.16841929 -0.03044488  0.0724756  -0.12501386  0.02148931
  0.05200756 -0.11648539 -0.04138493 -0.02859382  0.28003204  0.14388938
 -0.13078052 -0.15644222  0.19239119 -0.22414355 -0.05628414  0.02222988
 -0.14072461 -0.1763745  -0.19962674  0.06892706  0.3568733   0.14550649
 -0.12036954  0.10654641 -0.12293902 -0.02082995  0.07920614  0.15469603
  0.00048068  0.03251946 -0.05256193 -0.02166505  0.18239875 -0.04988371
  0.02488611  0.20094727 -0.06946123  0.05952556  0.02584928 -0.00569
 -0.09837008  0.04204847 -0.17651787 -0.05701105 -0.04463262 -0.04082705
  0.00285441  0.08077592 -0.13591334  0.11140206  0.03707198 -0.00935558
  0.04088213  0.03453112 -0.05531486 -0.11529837  0.19969548 -0.21346764
  0.20054433  0.16308349  0.15115921  0.18041322  0.15654577  0.12588499
  0.02857741 -0.06674102 -0.17607984  0.04829399  0.0685167  -0.06490928
  0.03195735  0.00815676]
dohuutuan: [-0.0591316   0.04003732  0.07873157 -0.03634758 -0.09389921 -0.01223994
 -0.07084513 -0.12279142  0.14595842 -0.12586327  0.26604906  0.00376888
 -0.17502086 -0.01843664 -0.06757283  0.11586498 -0.17205229 -0.07839802
 -0.01404456 -0.06776115  0.0049751  -0.01736265 -0.01087416  0.05316546
 -0.08048547 -0.3233521  -0.12220217 -0.18352449  0.05769179 -0.07204214
 -0.06457607  0.05042333 -0.12242262  0.02223024 -0.03322632  0.07995303
 -0.05069314 -0.05306443  0.13976407 -0.01338401 -0.17847835 -0.00913218
  0.0307785   0.20986997  0.20524101  0.00579286  0.01489745 -0.05610602
  0.01541435 -0.17154601  0.01858742  0.13203034  0.07792666  0.08425042
 -0.02652541 -0.16114481 -0.00056778  0.07090686 -0.16122229  0.04431499
  0.07363952 -0.13340029 -0.05858666  0.01679656  0.29833645  0.1806545
 -0.12821139 -0.14448223  0.1622296  -0.22076434 -0.06865716  0.02308598
 -0.15502426 -0.17330618 -0.19298197  0.06975251  0.40424639  0.15239722
 -0.15441881  0.05608246 -0.14144886 -0.02858001  0.10742946  0.11028547
 -0.02230809 -0.00783548 -0.09004131 -0.01025111  0.1814325  -0.05754817
  0.0170677   0.1863973  -0.05246595  0.05319564  0.02816412 -0.01203986
 -0.07567972  0.00937791 -0.13793205 -0.0562939  -0.02144946 -0.06136623
 -0.00645272  0.07113212 -0.14972365  0.10939588  0.02185368 -0.03637124
  0.05994976  0.0044474  -0.09386232 -0.09463929  0.22066383 -0.21478187
  0.22898647  0.17104739  0.13958013  0.16462442  0.13493302  0.09685974
 -0.01208561 -0.08338342 -0.19616105  0.03142808  0.04504503 -0.06514746
  0.02825441 -0.01121081]
dohuutuan: [-9.14784670e-02  8.51316750e-02  6.65858462e-02 -4.88391928e-02
 -1.22877486e-01 -1.35662071e-02 -9.92413610e-02 -1.45400286e-01
  1.66473344e-01 -9.69147161e-02  2.38194898e-01  2.69332714e-03
 -1.83581948e-01  1.68861402e-03 -6.31708056e-02  1.19949467e-01
 -1.65772185e-01 -5.60572036e-02  1.97648946e-02 -2.65177637e-02
  5.02334721e-03 -8.27619061e-03  3.87255922e-02  1.08087435e-01
 -7.22469091e-02 -3.23829740e-01 -1.31888226e-01 -1.49227262e-01
  2.41985545e-02 -1.12585016e-01 -6.22666441e-02  6.24519214e-02
 -1.17881924e-01  2.46118642e-02 -2.79723890e-02  1.11490682e-01
 -2.67749969e-02 -6.15183190e-02  1.37246445e-01 -3.76418270e-02
 -2.07728952e-01 -1.16488095e-02  3.19598392e-02  2.09563687e-01
  2.48623952e-01  3.94981122e-04  7.68051296e-03 -5.70289418e-02
  4.32769246e-02 -1.67430446e-01  1.99390985e-02  1.36961833e-01
  2.92422082e-02  4.42291163e-02 -2.14869659e-02 -1.95405230e-01
 -5.23632392e-03  7.43854716e-02 -1.33885294e-01  1.97745822e-02
  8.44434723e-02 -1.08413689e-01  2.43785791e-03  8.53830576e-03
  2.77229607e-01  1.69602275e-01 -1.45323902e-01 -1.33997783e-01
  1.21841125e-01 -2.21947417e-01 -4.19570208e-02  4.81411889e-02
 -1.86391622e-01 -1.95074439e-01 -2.25756317e-01  3.14077437e-02
  4.08660382e-01  1.55293703e-01 -1.43382072e-01  5.02566770e-02
 -1.33916989e-01 -2.09768172e-02  6.44000396e-02  1.25960261e-01
 -2.13077106e-02 -6.00062404e-03 -1.12240322e-01 -8.14683735e-05
  1.98197171e-01 -1.53242527e-02 -8.09824560e-05  2.11854592e-01
 -5.78772128e-02  6.72846660e-02  2.03995649e-02  3.55727226e-02
 -8.09948593e-02 -8.08193628e-03 -1.36859745e-01 -3.49306092e-02
 -6.34603947e-02 -7.87084401e-02 -2.06611641e-02  1.06374279e-01
 -1.93497032e-01  1.38575375e-01  2.24030130e-02 -1.55297108e-03
  7.80338794e-03  1.26055470e-02 -9.93751511e-02 -3.60650569e-02
  2.35846400e-01 -2.26900458e-01  2.32648775e-01  1.61147475e-01
  1.32881477e-01  1.68717757e-01  1.12975553e-01  1.01506166e-01
 -2.37125754e-02 -7.85911679e-02 -1.53633237e-01  2.56517306e-02
  2.54563652e-02 -9.41327810e-02  7.75564536e-02  1.57849863e-02]
dohuutuan: [-8.54641125e-02  9.62160379e-02  7.93469101e-02 -6.26179278e-02
 -1.24466643e-01 -1.07899569e-02 -1.07032076e-01 -1.21351153e-01
  1.92229107e-01 -9.68879014e-02  2.62064844e-01  1.41295260e-02
 -1.82423890e-01  2.15412490e-03 -7.99497291e-02  1.18245110e-01
 -1.51656747e-01 -4.95075807e-02  1.39921792e-02 -1.11145377e-02
  2.34742351e-02 -1.14066638e-02  2.06541978e-02  9.89499316e-02
 -7.05852881e-02 -3.40590090e-01 -1.29427686e-01 -1.24165565e-01
  2.28434950e-02 -1.02077715e-01 -6.04304001e-02  6.88813627e-02
 -1.20470643e-01  6.31961785e-03 -4.68937941e-02  1.19738474e-01
 -3.75732705e-02 -5.21734320e-02  1.37828574e-01 -4.98658717e-02
 -2.11005002e-01  2.41890084e-04  2.17704810e-02  2.09612921e-01
  2.31944323e-01  1.07215596e-02  2.22135559e-02 -8.38985145e-02
  3.15761380e-02 -1.54289573e-01  3.28516513e-02  1.46996424e-01
  3.41755450e-02  5.52540645e-02 -2.24311762e-02 -1.71342403e-01
 -5.95420599e-04  9.56903398e-02 -1.47506163e-01  1.20857507e-02
  7.96255469e-02 -1.08859330e-01 -2.44482514e-03 -6.37016818e-03
  2.71356195e-01  1.83910400e-01 -1.32016942e-01 -1.59781039e-01
  1.20797321e-01 -2.24047139e-01 -7.15682358e-02  3.59448865e-02
 -1.65563017e-01 -1.87097579e-01 -2.47433543e-01  4.57231961e-02
  4.02794927e-01  1.48768023e-01 -1.64342910e-01  6.06908463e-02
 -1.23885684e-01 -4.83446196e-02  8.50659311e-02  1.13221392e-01
 -3.27502340e-02 -1.53028434e-02 -1.23052441e-01 -8.97096191e-03
  2.10035369e-01 -1.60499290e-02  8.78413022e-03  2.01957062e-01
 -3.52841020e-02  6.26974553e-02  2.60204300e-02  5.10581806e-02
 -9.41745192e-02  3.00061516e-02 -1.49270311e-01 -2.57596578e-02
 -3.35071161e-02 -6.67500794e-02 -2.68256292e-02  9.79641080e-02
 -1.87412202e-01  1.49612233e-01  2.53033191e-02 -3.63821676e-03
  3.36170457e-02  1.20766321e-02 -1.16307288e-01 -6.50725588e-02
  2.45466575e-01 -2.11940795e-01  2.34990522e-01  1.43290773e-01
  1.37740150e-01  1.75323963e-01  1.47904053e-01  1.21765278e-01
 -1.83292106e-02 -7.80153945e-02 -1.65738374e-01  2.81077866e-02
  4.28116806e-02 -8.87792930e-02  8.71503726e-02  2.65677124e-02]
dohuutuan: [-6.76110238e-02  7.38311261e-02  6.79123104e-02 -4.05863039e-02
 -8.02148655e-02  4.27468168e-03 -7.16393664e-02 -1.32672295e-01
  1.75339699e-01 -1.29737467e-01  2.29214221e-01 -1.60349049e-02
 -1.85312897e-01 -3.83813418e-02 -1.00811750e-01  1.25946254e-01
 -1.49742395e-01 -6.64367154e-02  2.46007778e-02 -4.31586988e-03
  5.37794493e-02  5.38071152e-03 -5.58529496e-02  6.78494200e-02
 -8.59864727e-02 -3.11982572e-01 -1.47541359e-01 -1.15942657e-01
  1.00505231e-02 -9.30541828e-02 -6.80936426e-02  6.65404722e-02
 -1.39311895e-01  8.09079781e-03 -2.50971988e-02  1.03237137e-01
 -1.06941797e-02 -5.39698824e-02  1.47180259e-01 -1.25355944e-02
 -1.77375913e-01  4.28949622e-03  3.29587832e-02  2.31421381e-01
  1.76081374e-01 -3.04842833e-05 -2.11950932e-02 -1.06766187e-01
  7.51119852e-02 -1.28282592e-01 -9.47687030e-03  1.48669288e-01
  2.58825589e-02  1.02841079e-01 -4.70867455e-02 -1.65666014e-01
  2.13113222e-02  6.48785233e-02 -1.67637125e-01  1.36273811e-02
  3.14125940e-02 -1.44639581e-01 -3.57611887e-02  1.36195938e-03
  2.46904761e-01  1.27756447e-01 -1.17807545e-01 -1.88178048e-01
  1.48782760e-01 -2.26936892e-01 -5.74173033e-02  2.54712924e-02
 -1.58062428e-01 -1.69719726e-01 -2.60990143e-01  5.80556169e-02
  3.92473221e-01  1.40392601e-01 -1.85760289e-01  7.79792592e-02
 -1.05382308e-01 -6.73512444e-02  1.40928432e-01  1.53912023e-01
  2.13425942e-02  1.56674143e-02 -8.02340209e-02  9.67059378e-03
  2.28604764e-01 -3.83638367e-02  9.15806554e-03  2.01400906e-01
 -3.28519531e-02  8.28740150e-02  1.99576244e-02  2.41794623e-03
 -6.92616850e-02  2.48508230e-02 -1.43909469e-01 -1.15023050e-02
 -5.96885476e-03 -4.54139300e-02 -1.91556886e-02  1.27993628e-01
 -1.70797363e-01  1.39812961e-01  6.06117547e-02 -3.05320621e-02
  2.98041068e-02 -1.93014890e-02 -1.38772681e-01 -6.35534301e-02
  2.25084722e-01 -2.24334374e-01  2.45984077e-01  1.38152421e-01
  1.29265219e-01  1.48249716e-01  1.30673066e-01  1.01140454e-01
 -1.13515276e-02 -8.27941820e-02 -1.91921443e-01  2.08423790e-02
  7.30766580e-02 -7.09653795e-02  5.95702231e-02 -2.71006860e-02]
dohuutuan: [-6.86617196e-02  1.29977604e-02  2.64001451e-02 -8.39896798e-02
 -4.12410200e-02  1.52877476e-02 -8.04892927e-02 -1.09455906e-01
  1.60479069e-01 -1.45767450e-01  2.48467296e-01 -1.62426382e-02
 -1.81168497e-01 -1.31081939e-01 -4.89433371e-02  1.62797809e-01
 -1.57473654e-01 -8.61571357e-02  1.30824372e-02 -1.88370794e-02
  4.61634509e-02  4.72570537e-05 -2.96339914e-02  4.91781756e-02
 -1.14080429e-01 -3.32454801e-01 -1.54274106e-01 -1.03978261e-01
  2.85649784e-02 -6.62749484e-02 -9.40737128e-02  6.97591156e-03
 -1.63489625e-01 -2.37218272e-02 -1.10467058e-03  1.29213065e-01
 -2.27445513e-02 -6.39259592e-02  1.20337561e-01  9.02475789e-03
 -1.67990565e-01  4.38780785e-02  2.32874230e-02  2.12984085e-01
  1.41352087e-01  4.98307198e-02  7.84919504e-03 -1.37107506e-01
  1.08540252e-01 -1.39794663e-01  6.90587834e-02  1.19186863e-01
 -2.60996958e-03  9.66504961e-02 -1.58619881e-03 -1.16929673e-01
  3.69861908e-02  1.06427997e-01 -1.62357166e-01  1.49776172e-02
  3.47888730e-02 -6.15641177e-02 -2.03639083e-02 -2.24668682e-02
  2.00515643e-01  1.20331012e-01 -1.02420948e-01 -2.24110067e-01
  1.14354447e-01 -1.84988141e-01 -6.18327707e-02  4.83692177e-02
 -1.36285082e-01 -1.64339900e-01 -2.87069350e-01  7.57402554e-02
  3.84782404e-01  1.44788295e-01 -1.53598756e-01  7.70193264e-02
 -8.47233757e-02 -6.44985288e-02  1.94515929e-01  1.08355813e-01
  5.59542775e-02  7.69820437e-03 -9.28008333e-02  8.38402938e-03
  2.25771099e-01 -4.98545878e-02  4.89317393e-03  1.88763395e-01
 -3.11513711e-02  1.07079580e-01  1.85046867e-02  5.52863926e-02
 -9.56858248e-02  7.15921968e-02 -1.04386173e-01 -2.30821967e-02
  6.34903535e-02 -5.39268833e-03  1.01138828e-02  9.77814421e-02
 -1.39710411e-01  1.59479022e-01  4.34483439e-02 -4.28185659e-03
  6.02301471e-02  6.91472320e-03 -1.30304471e-01 -6.79107755e-02
  1.48828372e-01 -2.45369166e-01  2.43704334e-01  1.56592086e-01
  1.14026897e-01  1.29515842e-01  1.39446840e-01  9.20199826e-02
 -2.80567594e-02 -7.73291811e-02 -2.12379307e-01  1.04806409e-03
  5.53220958e-02 -1.31823495e-02  7.50259832e-02 -8.95167515e-03]
dohuutuan: [-0.0850846   0.08478381  0.04298363 -0.07208815 -0.09160365  0.0054559
 -0.04159697 -0.11129579  0.17379266 -0.12829776  0.22642034 -0.03486627
 -0.18510523 -0.06985115 -0.02534692  0.10559313 -0.10923503 -0.08920474
  0.02416065 -0.04169682  0.02602539  0.00867694 -0.04136031  0.08878439
 -0.1126999  -0.35559151 -0.14437284 -0.11885975  0.0160248  -0.07530539
 -0.06294768  0.08762546 -0.13742451 -0.02840125 -0.00348692  0.11190972
 -0.09932205 -0.04437213  0.13807882 -0.03884599 -0.12984881  0.01559634
  0.04095973  0.22670515  0.14397691  0.04506831  0.01049223 -0.06788878
  0.06560227 -0.16308354  0.04156087  0.16341726 -0.00297804  0.14046526
 -0.01277949 -0.14907254  0.03948592  0.07215882 -0.17859623  0.03961539
  0.01566531 -0.11823388 -0.04075009  0.01821904  0.23341317  0.14226115
 -0.09186785 -0.16354078  0.14129084 -0.22552456 -0.06891396  0.00384001
 -0.15109882 -0.193022   -0.20920317  0.11838045  0.34394261  0.17582074
 -0.12846644  0.09318049 -0.05622323 -0.05774145  0.12155575  0.09675632
 -0.01503673 -0.04565583 -0.05700229  0.02883021  0.2122723  -0.02845928
  0.00420529  0.22586577 -0.0163959   0.10413933  0.0427987   0.00773123
 -0.05805957  0.0461931  -0.11812808  0.02707007  0.04849611 -0.07572336
 -0.022515    0.10602169 -0.18842161  0.18533051  0.03728293 -0.00716315
  0.02540345  0.01609437 -0.14931498 -0.05828818  0.18283537 -0.23144807
  0.2824277   0.16896491  0.12467907  0.17872475  0.13491601  0.05619748
  0.04979742 -0.08951365 -0.1869175  -0.01390411  0.10558848 -0.04379839
  0.00931338  0.01285006]
dohuutuan: [-0.08923388  0.09000833  0.04508068 -0.077435   -0.09130282  0.01723157
 -0.03438482 -0.10941525  0.17872031 -0.14166178  0.22839573 -0.03778468
 -0.18622987 -0.07314695 -0.02208696  0.11098652 -0.11602326 -0.09513731
  0.02156756 -0.03351737  0.03125445  0.00487077 -0.04535334  0.09413135
 -0.11068046 -0.35567954 -0.14351195 -0.12295553  0.03437964 -0.07396118
 -0.06598432  0.07582547 -0.1392336  -0.03339197 -0.00950182  0.11429335
 -0.09660352 -0.04240108  0.13394207 -0.03716948 -0.13704675  0.01811612
  0.04357825  0.22651148  0.14548652  0.05676169  0.01161856 -0.07521732
  0.06609541 -0.16278249  0.04474833  0.15679953  0.0044132   0.14569125
 -0.00410848 -0.15800765  0.04234403  0.07008674 -0.1740848   0.04746655
  0.01713846 -0.10415387 -0.0266972   0.02557549  0.24552245  0.13361885
 -0.09365129 -0.16474865  0.1470498  -0.22262736 -0.07120028  0.01265591
 -0.14945954 -0.18056504 -0.20966241  0.11913359  0.35677233  0.17778023
 -0.12816237  0.08809541 -0.06177738 -0.05838712  0.12737523  0.10320187
 -0.01664364 -0.05435045 -0.056185    0.02086796  0.21096835 -0.02505692
  0.00659783  0.22268493 -0.01357691  0.0997562   0.03960373  0.00857454
 -0.06937408  0.04913634 -0.11687428  0.01262706  0.04896855 -0.07139193
 -0.02068902  0.11281542 -0.19054095  0.18402427  0.03429175 -0.00609116
  0.03167458  0.03000593 -0.15240949 -0.05699068  0.18039428 -0.23266263
  0.28460827  0.17225309  0.12147648  0.16793039  0.14498007  0.06321496
  0.05293811 -0.08355854 -0.186009   -0.01617977  0.10830767 -0.05152949
  0.01595652  0.00997082]
dohuutuan: [-9.55894813e-02  7.76835084e-02  5.41796945e-02 -8.77800807e-02
 -9.04816017e-02  9.08248313e-03 -5.18095195e-02 -1.07957363e-01
  1.73051864e-01 -1.49941728e-01  2.26505488e-01 -3.98428887e-02
 -1.81818843e-01 -7.46285245e-02 -4.12713215e-02  1.12293780e-01
 -1.10793293e-01 -9.91118774e-02  2.24075541e-02 -3.64869833e-02
  3.07401195e-02  2.15307809e-04 -4.88419980e-02  8.13181624e-02
 -1.11867063e-01 -3.44022095e-01 -1.42728359e-01 -1.09428942e-01
  1.73749067e-02 -7.14715645e-02 -6.13169819e-02  6.96930215e-02
 -1.55770257e-01 -3.24612036e-02 -1.72236823e-02  1.18984655e-01
 -8.35245550e-02 -3.58658992e-02  1.30379111e-01 -4.23580781e-02
 -1.40095413e-01  2.10728906e-02  3.37848812e-02  2.27779493e-01
  1.44261554e-01  4.98509184e-02  9.13712010e-03 -8.51948410e-02
  6.89622164e-02 -1.60211459e-01  6.05090633e-02  1.57830939e-01
  6.82953699e-03  1.31531790e-01 -9.97693557e-03 -1.43369898e-01
  4.49806340e-02  8.37345943e-02 -1.53792456e-01  4.72018272e-02
  3.08537502e-02 -1.03776477e-01 -2.21697818e-02  1.62650775e-02
  2.48815224e-01  1.27108440e-01 -9.46188420e-02 -1.71693087e-01
  1.51835218e-01 -2.05930144e-01 -6.64897040e-02  9.27271880e-03
 -1.49814785e-01 -1.76028550e-01 -2.24881470e-01  1.25386044e-01
  3.58908802e-01  1.67940035e-01 -1.34475246e-01  9.71743464e-02
 -7.33211413e-02 -5.15577160e-02  1.32147461e-01  1.03708468e-01
 -1.07295308e-02 -4.41962406e-02 -5.68327494e-02  2.68388949e-02
  2.22975448e-01 -2.77308449e-02 -1.26773026e-04  2.14915976e-01
 -1.31019540e-02  9.46746394e-02  3.86549160e-02  2.83063203e-03
 -6.32573664e-02  5.36564812e-02 -1.16507128e-01  2.75459252e-02
  5.03118336e-02 -6.47732168e-02 -2.40286533e-02  1.18712857e-01
 -1.80444553e-01  1.80141985e-01  3.22904438e-02 -1.58815738e-03
  3.26224752e-02  2.77535822e-02 -1.50243402e-01 -6.89187571e-02
  1.77368239e-01 -2.26929247e-01  2.81334937e-01  1.61061347e-01
  1.33615881e-01  1.66283861e-01  1.54228643e-01  6.96150064e-02
  5.63385040e-02 -7.42704421e-02 -1.88186049e-01 -8.69452395e-03
  1.08512729e-01 -4.79282029e-02  2.96259131e-02  2.46248618e-02]
